0.0,0.0
-2.521983154079567,0.0
-2.5207209002486963,0.0
-2.5194586464178257,0.0
-2.518196392586955,0.0
-2.516934138756085,0.0
-2.5156718849252138,0.0
-2.5144096310943436,0.0
-2.5131473772634725,0.0
-2.511885123432602,0.0
-2.510622869601731,0.0
-2.5093606157708606,0.0
-2.50809836193999,0.0
-2.5068361081091193,0.0
-2.5055738542782486,0.0
-2.504311600447378,0.0
-2.503049346616507,0.0
-2.5017870927856367,0.0
-2.5005248389547656,0.0
-2.4992625851238954,0.0
-2.498000331293025,0.0
-2.496738077462154,0.0
-2.4954758236312835,0.0
-2.4942135698004124,0.0
-2.4929513159695422,0.0
-2.491689062138671,0.0
-2.490426808307801,0.0
-2.48916455447693,0.0
-2.4879023006460597,0.0
-2.4866400468151886,0.0
-2.4853777929843184,0.0
-2.4841155391534477,0.0
-2.4828532853225767,0.0
-2.4815910314917065,0.0
-2.4803287776608354,0.0
-2.479066523829965,0.0
-2.477804269999094,0.0
-2.476542016168224,0.0
-2.475279762337353,0.0
-2.474017508506482,0.0
-2.4727552546756115,0.0
-2.471493000844741,0.0
-2.4702307470138702,0.0
-2.4689684931829996,0.0
-2.4677062393521294,0.0
-2.4664439855212583,0.0
-2.4651817316903877,0.0
-2.463919477859517,0.0
-2.4626572240286464,0.0
-2.4613949701977758,0.0
-2.460132716366905,0.0
-2.4588704625360345,0.0
-2.457608208705164,0.0
-2.4563459548742927,0.0
-2.4550837010434226,0.0
-2.4538214472125515,0.0
-2.4525591933816813,0.0
-2.4512969395508106,0.0
-2.45003468571994,0.0
-2.4487724318890693,0.0
-2.4475101780581983,0.0
-2.446247924227328,0.0
-2.444985670396457,0.0
-2.443723416565587,0.0
-2.4424611627347157,0.0
-2.4411989089038455,0.0
-2.4399366550729744,0.0
-2.4386744012421038,0.0
-2.437412147411233,0.0
-2.4361498935803625,0.0
-2.4348876397494923,0.0
-2.433625385918621,0.0
-2.432363132087751,0.0
-2.43110087825688,0.0
-2.4298386244260093,0.0
-2.4285763705951386,0.0
-2.427314116764268,0.0
-2.4260518629333974,0.0
-2.4247896091025267,0.0
-2.423527355271656,0.0
-2.4222651014407854,0.0
-2.4210028476099152,0.0
-2.419740593779044,0.0
-2.4184783399481735,0.0
-2.417216086117303,0.0
-2.4159538322864322,0.0
-2.4146915784555616,0.0
-2.413429324624691,0.0
-2.41216707079382,0.0
-2.4109048169629497,0.0
-2.4096425631320786,0.0
-2.4083803093012084,0.0
-2.4071180554703373,0.0
-2.405855801639467,0.0
-2.404593547808596,0.0
-2.403331293977726,0.0
-2.402069040146855,0.0
-2.400806786315984,0.0
-2.399544532485114,0.0
-2.398282278654243,0.0
-2.3970200248233726,0.0
-2.3957577709925015,0.0
-2.3944955171616313,0.0
-2.3932332633307603,0.0
-2.3919710094998896,0.0
-2.390708755669019,0.0
-2.3894465018381483,0.0
-2.388184248007278,0.0
-2.386921994176407,0.0
-2.385659740345537,0.0
-2.3843974865146658,0.0
-2.383135232683795,0.0
-2.3818729788529245,0.0
-2.380610725022054,0.0
-2.379348471191183,0.0
-2.3780862173603126,0.0
-2.376823963529442,0.0
-2.3755617096985713,0.0
-2.3742994558677,0.0
-2.37303720203683,0.0
-2.371774948205959,0.0
-2.3705126943750887,0.0
-2.369250440544218,0.0
-2.3679881867133474,0.0
-2.366725932882477,0.0
-2.3654636790516057,0.0
-2.3642014252207355,0.0
-2.3629391713898644,0.0
-2.3616769175589942,0.0
-2.360414663728123,0.0
-2.359152409897253,0.0
-2.357890156066382,0.0
-2.3566279022355117,0.0
-2.355365648404641,0.0
-2.35410339457377,0.0
-2.3528411407428997,0.0
-2.3515788869120287,0.0
-2.3503166330811585,0.0
-2.3490543792502874,0.0
-2.3477921254194167,0.0
-2.346529871588546,0.0
-2.3452676177576754,0.0
-2.344005363926805,0.0
-2.342743110095934,0.0
-2.3414808562650635,0.0
-2.340218602434193,0.0
-2.3389563486033227,0.0
-2.3376940947724516,0.0
-2.336431840941581,0.0
-2.3351695871107103,0.0
-2.3339073332798397,0.0
-2.332645079448969,0.0
-2.3313828256180984,0.0
-2.3301205717872278,0.0
-2.328858317956357,0.0
-2.327596064125486,0.0
-2.326333810294616,0.0
-2.3250715564637447,0.0
-2.3238093026328746,0.0
-2.322547048802004,0.0
-2.3212847949711333,0.0
-2.3200225411402626,0.0
-2.3187602873093915,0.0
-2.3174980334785213,0.0
-2.3162357796476503,0.0
-2.31497352581678,0.0
-2.313711271985909,0.0
-2.312449018155039,0.0
-2.3111867643241677,0.0
-2.309924510493297,0.0
-2.3086622566624264,0.0
-2.3074000028315558,0.0
-2.3061377490006856,0.0
-2.3048754951698145,0.0
-2.3036132413389443,0.0
-2.302350987508073,0.0
-2.3010887336772026,0.0
-2.299826479846332,0.0
-2.2985642260154613,0.0
-2.2973019721845906,0.0
-2.29603971835372,0.0
-2.2947774645228494,0.0
-2.2935152106919787,0.0
-2.2922529568611085,0.0
-2.2909907030302374,0.0
-2.289728449199367,0.0
-2.288466195368496,0.0
-2.2872039415376255,0.0
-2.285941687706755,0.0
-2.2846794338758842,0.0
-2.283417180045013,0.0
-2.282154926214143,0.0
-2.280892672383272,0.0
-2.2796304185524017,0.0
-2.2783681647215306,0.0
-2.2771059108906604,0.0
-2.2758436570597897,0.0
-2.274581403228919,0.0
-2.2733191493980485,0.0
-2.2720568955671774,0.0
-2.270794641736307,0.0
-2.269532387905436,0.0
-2.268270134074566,0.0
-2.267007880243695,0.0
-2.265745626412824,0.0
-2.2644833725819535,0.0
-2.263221118751083,0.0
-2.2619588649202123,0.0
-2.2606966110893416,0.0
-2.2594343572584714,0.0
-2.2581721034276003,0.0
-2.25690984959673,0.0
-2.255647595765859,0.0
-2.2543853419349884,0.0
-2.2531230881041178,0.0
-2.251860834273247,0.0
-2.2505985804423765,0.0
-2.249336326611506,0.0
-2.2480740727806348,0.0
-2.2468118189497646,0.0
-2.2455495651188935,0.0
-2.2442873112880233,0.0
-2.2430250574571526,0.0
-2.241762803626282,0.0
-2.2405005497954114,0.0
-2.2392382959645407,0.0
-2.23797604213367,0.0
-2.236713788302799,0.0
-2.235451534471929,0.0
-2.2341892806410577,0.0
-2.2329270268101875,0.0
-2.2316647729793164,0.0
-2.2304025191484462,0.0
-2.229140265317575,0.0
-2.227878011486705,0.0
-2.2266157576558343,0.0
-2.225353503824963,0.0
-2.224091249994093,0.0
-2.222828996163222,0.0
-2.2215667423323517,0.0
-2.2203044885014807,0.0
-2.21904223467061,0.0
-2.2177799808397394,0.0
-2.2165177270088687,0.0
-2.215255473177998,0.0
-2.2139932193471275,0.0
-2.2127309655162573,0.0
-2.211468711685386,0.0
-2.210206457854516,0.0
-2.208944204023645,0.0
-2.2076819501927742,0.0
-2.2064196963619036,0.0
-2.205157442531033,0.0
-2.2038951887001623,0.0
-2.2026329348692917,0.0
-2.2013706810384206,0.0
-2.2001084272075504,0.0
-2.1988461733766793,0.0
-2.197583919545809,0.0
-2.196321665714938,0.0
-2.195059411884068,0.0
-2.193797158053197,0.0
-2.1925349042223266,0.0
-2.191272650391456,0.0
-2.190010396560585,0.0
-2.1887481427297146,0.0
-2.1874858888988435,0.0
-2.1862236350679733,0.0
-2.1849613812371023,0.0
-2.1836991274062316,0.0
-2.182436873575361,0.0
-2.1811746197444903,0.0
-2.17991236591362,0.0
-2.178650112082749,0.0
-2.177387858251879,0.0
-2.1761256044210078,0.0
-2.1748633505901376,0.0
-2.1736010967592665,0.0
-2.172338842928396,0.0
-2.171076589097525,0.0
-2.1698143352666546,0.0
-2.168552081435784,0.0
-2.1672898276049133,0.0
-2.1660275737740426,0.0
-2.164765319943172,0.0
-2.163503066112302,0.0
-2.1622408122814307,0.0
-2.16097855845056,0.0
-2.1597163046196894,0.0
-2.158454050788819,0.0
-2.157191796957948,0.0
-2.1559295431270775,0.0
-2.154667289296207,0.0
-2.1534050354653362,0.0
-2.1521427816344656,0.0
-2.150880527803595,0.0
-2.149618273972724,0.0
-2.1483560201418532,0.0
-2.147093766310983,0.0
-2.1458315124801124,0.0
-2.1445692586492417,0.0
-2.143307004818371,0.0
-2.1420447509875005,0.0
-2.1407824971566294,0.0
-2.1395202433257587,0.0
-2.138257989494888,0.0
-2.1369957356640175,0.0
-2.135733481833147,0.0
-2.134471228002276,0.0
-2.1332089741714055,0.0
-2.131946720340535,0.0
-2.1306844665096643,0.0
-2.1294222126787936,0.0
-2.128159958847923,0.0
-2.1268977050170523,0.0
-2.1256354511861817,0.0
-2.124373197355311,0.0
-2.1231109435244404,0.0
-2.1218486896935698,0.0
-2.120586435862699,0.0
-2.1193241820318285,0.0
-2.118061928200958,0.0
-2.116799674370087,0.0
-2.1155374205392166,0.0
-2.114275166708346,0.0
-2.1130129128774753,0.0
-2.1117506590466046,0.0
-2.110488405215734,0.0
-2.1092261513848634,0.0
-2.1079638975539927,0.0
-2.106701643723122,0.0
-2.105439389892251,0.0
-2.104177136061381,0.0
-2.1029148822305097,0.0
-2.101652628399639,0.0
-2.1003903745687684,0.0
-2.0991281207378982,0.0
-2.0978658669070276,0.0
-2.0966036130761565,0.0
-2.0953413592452863,0.0
-2.094079105414415,0.0
-2.0928168515835446,0.0
-2.091554597752674,0.0
-2.0902923439218033,0.0
-2.0890300900909327,0.0
-2.087767836260062,0.0
-2.0865055824291914,0.0
-2.0852433285983207,0.0
-2.08398107476745,0.0
-2.0827188209365795,0.0
-2.081456567105709,0.0
-2.080194313274838,0.0
-2.0789320594439675,0.0
-2.077669805613097,0.0
-2.0764075517822262,0.0
-2.0751452979513556,0.0
-2.073883044120485,0.0
-2.0726207902896143,0.0
-2.0713585364587437,0.0
-2.070096282627873,0.0
-2.0688340287970024,0.0
-2.0675717749661313,0.0
-2.066309521135261,0.0
-2.0650472673043905,0.0
-2.06378501347352,0.0
-2.062522759642649,0.0
-2.0612605058117786,0.0
-2.059998251980908,0.0
-2.058735998150037,0.0
-2.057473744319166,0.0
-2.0562114904882955,0.0
-2.054949236657425,0.0
-2.0536869828265543,0.0
-2.0524247289956836,0.0
-2.0511624751648134,0.0
-2.0499002213339423,0.0
-2.0486379675030717,0.0
-2.047375713672201,0.0
-2.0461134598413304,0.0
-2.0448512060104598,0.0
-2.043588952179589,0.0
-2.0423266983487185,0.0
-2.041064444517848,0.0
-2.039802190686977,0.0
-2.0385399368561066,0.0
-2.037277683025236,0.0
-2.0360154291943653,0.0
-2.0347531753634946,0.0
-2.033490921532624,0.0
-2.0322286677017534,0.0
-2.0309664138708827,0.0
-2.029704160040012,0.0
-2.0284419062091414,0.0
-2.027179652378271,0.0
-2.0259173985474,0.0
-2.0246551447165295,0.0
-2.0233928908856584,0.0
-2.0221306370547882,0.0
-2.020868383223917,0.0
-2.0196061293930465,0.0
-2.0183438755621763,0.0
-2.0170816217313057,0.0
-2.015819367900435,0.0
-2.0145571140695644,0.0
-2.0132948602386938,0.0
-2.0120326064078227,0.0
-2.010770352576952,0.0
-2.0095080987460814,0.0
-2.0082458449152107,0.0
-2.00698359108434,0.0
-2.0057213372534695,0.0
-2.004459083422599,0.0
-2.003196829591728,0.0
-2.0019345757608575,0.0
-2.000672321929987,0.0
-1.9994100680991163,0.0
-1.9981478142682456,0.0
-1.996885560437375,0.0
-1.9956233066065046,0.0
-1.9943610527756337,0.0
-1.993098798944763,0.0
-1.9918365451138924,0.0
-1.9905742912830218,0.0
-1.9893120374521511,0.0
-1.9880497836212805,0.0
-1.9867875297904098,0.0
-1.985525275959539,0.0
-1.9842630221286683,0.0
-1.9830007682977977,0.0
-1.981738514466927,0.0
-1.9804762606360564,0.0
-1.979214006805186,0.0
-1.9779517529743154,0.0
-1.9766894991434445,0.0
-1.975427245312574,0.0
-1.9741649914817032,0.0
-1.9729027376508326,0.0
-1.971640483819962,0.0
-1.9703782299890913,0.0
-1.9691159761582206,0.0
-1.9678537223273498,0.0
-1.9665914684964794,0.0
-1.9653292146656085,0.0
-1.9640669608347379,0.0
-1.9628047070038674,0.0
-1.9615424531729968,0.0
-1.9602801993421262,0.0
-1.9590179455112553,0.0
-1.9577556916803849,0.0
-1.956493437849514,0.0
-1.9552311840186434,0.0
-1.9539689301877727,0.0
-1.952706676356902,0.0
-1.9514444225260315,0.0
-1.9501821686951606,0.0
-1.9489199148642902,0.0
-1.9476576610334193,0.0
-1.9463954072025489,0.0
-1.9451331533716782,0.0
-1.9438708995408076,0.0
-1.942608645709937,0.0
-1.941346391879066,0.0
-1.9400841380481957,0.0
-1.9388218842173248,0.0
-1.9375596303864542,0.0
-1.9362973765555835,0.0
-1.935035122724713,0.0
-1.9337728688938423,0.0
-1.9325106150629714,0.0
-1.9312483612321012,0.0
-1.9299861074012303,0.0
-1.92872385357036,0.0
-1.927461599739489,0.0
-1.9261993459086184,0.0
-1.9249370920777478,0.0
-1.923674838246877,0.0
-1.9224125844160065,0.0
-1.9211503305851356,0.0
-1.9198880767542652,0.0
-1.9186258229233943,0.0
-1.9173635690925237,0.0
-1.916101315261653,0.0
-1.9148390614307826,0.0
-1.913576807599912,0.0
-1.9123145537690411,0.0
-1.9110522999381707,0.0
-1.9097900461072999,0.0
-1.9085277922764292,0.0
-1.9072655384455586,0.0
-1.906003284614688,0.0
-1.9047410307838173,0.0
-1.9034787769529464,0.0
-1.902216523122076,0.0
-1.9009542692912051,0.0
-1.8996920154603345,0.0
-1.898429761629464,0.0
-1.8971675077985934,0.0
-1.8959052539677228,0.0
-1.894643000136852,0.0
-1.8933807463059815,0.0
-1.8921184924751107,0.0
-1.89085623864424,0.0
-1.8895939848133694,0.0
-1.8883317309824987,0.0
-1.887069477151628,0.0
-1.8858072233207572,0.0
-1.8845449694898868,0.0
-1.883282715659016,0.0
-1.8820204618281455,0.0
-1.8807582079972749,0.0
-1.8794959541664042,0.0
-1.8782337003355336,0.0
-1.8769714465046627,0.0
-1.8757091926737923,0.0
-1.8744469388429215,0.0
-1.8731846850120508,0.0
-1.8719224311811802,0.0
-1.8706601773503095,0.0
-1.869397923519439,0.0
-1.868135669688568,0.0
-1.8668734158576978,0.0
-1.865611162026827,0.0
-1.8643489081959566,0.0
-1.8630866543650857,0.0
-1.861824400534215,0.0
-1.8605621467033444,0.0
-1.8592998928724735,0.0
-1.8580376390416031,0.0
-1.8567753852107323,0.0
-1.8555131313798618,0.0
-1.854250877548991,0.0
-1.8529886237181203,0.0
-1.8517263698872497,0.0
-1.850464116056379,0.0
-1.8492018622255086,0.0
-1.8479396083946378,0.0
-1.8466773545637674,0.0
-1.8454151007328965,0.0
-1.8441528469020259,0.0
-1.8428905930711552,0.0
-1.8416283392402846,0.0
-1.840366085409414,0.0
-1.839103831578543,0.0
-1.8378415777476727,0.0
-1.8365793239168018,0.0
-1.8353170700859314,0.0
-1.8340548162550607,0.0
-1.83279256242419,0.0
-1.8315303085933194,0.0
-1.8302680547624486,0.0
-1.8290058009315782,0.0
-1.8277435471007073,0.0
-1.8264812932698367,0.0
-1.825219039438966,0.0
-1.8239567856080954,0.0
-1.8226945317772247,0.0
-1.8214322779463539,0.0
-1.8201700241154835,0.0
-1.8189077702846128,0.0
-1.8176455164537422,0.0
-1.8163832626228715,0.0
-1.815121008792001,0.0
-1.8138587549611302,0.0
-1.8125965011302594,0.0
-1.811334247299389,0.0
-1.810071993468518,0.0
-1.8088097396376475,0.0
-1.8075474858067768,0.0
-1.8062852319759062,0.0
-1.8050229781450355,0.0
-1.8037607243141647,0.0
-1.8024984704832945,0.0
-1.8012362166524236,0.0
-1.799973962821553,0.0
-1.7987117089906823,0.0
-1.7974494551598117,0.0
-1.796187201328941,0.0
-1.7949249474980702,0.0
-1.7936626936671998,0.0
-1.792400439836329,0.0
-1.7911381860054585,0.0
-1.7898759321745876,0.0
-1.788613678343717,0.0
-1.7873514245128466,0.0
-1.7860891706819757,0.0
-1.7848269168511053,0.0
-1.7835646630202344,0.0
-1.782302409189364,0.0
-1.7810401553584931,0.0
-1.7797779015276225,0.0
-1.7785156476967519,0.0
-1.7772533938658812,0.0
-1.7759911400350106,0.0
-1.7747288862041397,0.0
-1.7734666323732693,0.0
-1.7722043785423984,0.0
-1.770942124711528,0.0
-1.7696798708806574,0.0
-1.7684176170497867,0.0
-1.767155363218916,0.0
-1.7658931093880452,0.0
-1.7646308555571748,0.0
-1.763368601726304,0.0
-1.7621063478954333,0.0
-1.7608440940645627,0.0
-1.759581840233692,0.0
-1.7583195864028214,0.0
-1.7570573325719505,0.0
-1.7557950787410803,0.0
-1.7545328249102095,0.0
-1.7532705710793388,0.0
-1.7520083172484682,0.0
-1.7507460634175975,0.0
-1.749483809586727,0.0
-1.748221555755856,0.0
-1.7469593019249856,0.0
-1.7456970480941147,0.0
-1.744434794263244,0.0
-1.7431725404323735,0.0
-1.7419102866015028,0.0
-1.7406480327706322,0.0
-1.7393857789397613,0.0
-1.7381235251088911,0.0
-1.7368612712780203,0.0
-1.7355990174471496,0.0
-1.734336763616279,0.0
-1.7330745097854083,0.0
-1.7318122559545377,0.0
-1.7305500021236668,0.0
-1.7292877482927964,0.0
-1.7280254944619255,0.0
-1.7267632406310551,0.0
-1.7255009868001843,0.0
-1.7242387329693136,0.0
-1.7229764791384432,0.0
-1.7217142253075723,0.0
-1.720451971476702,0.0
-1.719189717645831,0.0
-1.7179274638149606,0.0
-1.7166652099840898,0.0
-1.7154029561532191,0.0
-1.7141407023223485,0.0
-1.7128784484914776,0.0
-1.7116161946606072,0.0
-1.7103539408297364,0.0
-1.709091686998866,0.0
-1.707829433167995,0.0
-1.7065671793371247,0.0
-1.705304925506254,0.0
-1.7040426716753834,0.0
-1.7027804178445127,0.0
-1.7015181640136419,0.0
-1.7002559101827714,0.0
-1.6989936563519006,0.0
-1.69773140252103,0.0
-1.6964691486901593,0.0
-1.6952068948592887,0.0
-1.693944641028418,0.0
-1.6926823871975472,0.0
-1.691420133366677,0.0
-1.690157879535806,0.0
-1.6888956257049355,0.0
-1.6876333718740648,0.0
-1.6863711180431942,0.0
-1.6851088642123235,0.0
-1.6838466103814527,0.0
-1.6825843565505822,0.0
-1.6813221027197114,0.0
-1.6800598488888407,0.0
-1.67879759505797,0.0
-1.6775353412270995,0.0
-1.6762730873962288,0.0
-1.675010833565358,0.0
-1.6737485797344878,0.0
-1.672486325903617,0.0
-1.6712240720727463,0.0
-1.6699618182418756,0.0
-1.668699564411005,0.0
-1.6674373105801343,0.0
-1.6661750567492635,0.0
-1.664912802918393,0.0
-1.6636505490875222,0.0
-1.6623882952566515,0.0
-1.661126041425781,0.0
-1.6598637875949103,0.0
-1.6586015337640398,0.0
-1.657339279933169,0.0
-1.6560770261022986,0.0
-1.6548147722714277,0.0
-1.6535525184405573,0.0
-1.6522902646096864,0.0
-1.6510280107788158,0.0
-1.6497657569479451,0.0
-1.6485035031170743,0.0
-1.6472412492862039,0.0
-1.645978995455333,0.0
-1.6447167416244626,0.0
-1.6434544877935917,0.0
-1.6421922339627213,0.0
-1.6409299801318507,0.0
-1.63966772630098,0.0
-1.6384054724701094,0.0
-1.6371432186392385,0.0
-1.635880964808368,0.0
-1.6346187109774972,0.0
-1.6333564571466266,0.0
-1.632094203315756,0.0
-1.6308319494848853,0.0
-1.6295696956540147,0.0
-1.6283074418231438,0.0
-1.6270451879922736,0.0
-1.6257829341614027,0.0
-1.624520680330532,0.0
-1.6232584264996615,0.0
-1.6219961726687908,0.0
-1.6207339188379202,0.0
-1.6194716650070493,0.0
-1.618209411176179,0.0
-1.616947157345308,0.0
-1.6156849035144374,0.0
-1.6144226496835667,0.0
-1.613160395852696,0.0
-1.6118981420218255,0.0
-1.6106358881909546,0.0
-1.6093736343600844,0.0
-1.6081113805292135,0.0
-1.606849126698343,0.0
-1.6055868728674723,0.0
-1.6043246190366016,0.0
-1.603062365205731,0.0
-1.6018001113748601,0.0
-1.6005378575439897,0.0
-1.5992756037131188,0.0
-1.5980133498822482,0.0
-1.5967510960513775,0.0
-1.595488842220507,0.0
-1.5942265883896365,0.0
-1.5929643345587656,0.0
-1.5917020807278952,0.0
-1.5904398268970243,0.0
-1.5891775730661537,0.0
-1.587915319235283,0.0
-1.5866530654044124,0.0
-1.5853908115735418,0.0
-1.584128557742671,0.0
-1.5828663039118005,0.0
-1.5816040500809296,0.0
-1.5803417962500592,0.0
-1.5790795424191884,0.0
-1.577817288588318,0.0
-1.5765550347574473,0.0
-1.5752927809265764,0.0
-1.574030527095706,0.0
-1.5727682732648351,0.0
-1.5715060194339647,0.0
-1.5702437656030939,0.0
-1.5689815117722232,0.0
-1.5677192579413526,0.0
-1.566457004110482,0.0
-1.5651947502796113,0.0
-1.5639324964487404,0.0
-1.5626702426178702,0.0
-1.5614079887869994,0.0
-1.5601457349561287,0.0
-1.558883481125258,0.0
-1.5576212272943875,0.0
-1.5563589734635168,0.0
-1.555096719632646,0.0
-1.5538344658017755,0.0
-1.5525722119709047,0.0
-1.551309958140034,0.0
-1.5500477043091634,0.0
-1.5487854504782927,0.0
-1.547523196647422,0.0
-1.5462609428165515,0.0
-1.544998688985681,0.0
-1.5437364351548102,0.0
-1.5424741813239395,0.0
-1.541211927493069,0.0
-1.5399496736621983,0.0
-1.5386874198313276,0.0
-1.5374251660004568,0.0
-1.5361629121695863,0.0
-1.5349006583387155,0.0
-1.5336384045078448,0.0
-1.5323761506769742,0.0
-1.5311138968461038,0.0
-1.5298516430152331,0.0
-1.5285893891843623,0.0
-1.5273271353534918,0.0
-1.526064881522621,0.0
-1.5248026276917503,0.0
-1.5235403738608797,0.0
-1.522278120030009,0.0
-1.5210158661991384,0.0
-1.5197536123682676,0.0
-1.5184913585373971,0.0
-1.5172291047065263,0.0
-1.515966850875656,0.0
-1.5147045970447852,0.0
-1.5134423432139146,0.0
-1.512180089383044,0.0
-1.510917835552173,0.0
-1.5096555817213027,0.0
-1.5083933278904318,0.0
-1.5071310740595614,0.0
-1.5058688202286905,0.0
-1.5046065663978199,0.0
-1.5033443125669492,0.0
-1.5020820587360784,0.0
-1.500819804905208,0.0
-1.499557551074337,0.0
-1.4982952972434669,0.0
-1.497033043412596,0.0
-1.4957707895817254,0.0
-1.4945085357508547,0.0
-1.493246281919984,0.0
-1.4919840280891135,0.0
-1.4907217742582426,0.0
-1.4894595204273722,0.0
-1.4881972665965013,0.0
-1.4869350127656307,0.0
-1.48567275893476,0.0
-1.4844105051038894,0.0
-1.483148251273019,0.0
-1.481885997442148,0.0
-1.4806237436112777,0.0
-1.4793614897804068,0.0
-1.4780992359495362,0.0
-1.4768369821186655,0.0
-1.475574728287795,0.0
-1.4743124744569243,0.0
-1.4730502206260534,0.0
-1.471787966795183,0.0
-1.4705257129643121,0.0
-1.4692634591334415,0.0
-1.4680012053025708,0.0
-1.4667389514717004,0.0
-1.4654766976408298,0.0
-1.464214443809959,0.0
-1.4629521899790885,0.0
-1.4616899361482176,0.0
-1.460427682317347,0.0
-1.4591654284864763,0.0
-1.4579031746556057,0.0
-1.456640920824735,0.0
-1.4553786669938642,0.0
-1.4541164131629938,0.0
-1.452854159332123,0.0
-1.4515919055012523,0.0
-1.4503296516703819,0.0
-1.4490673978395112,0.0
-1.4478051440086406,0.0
-1.4465428901777697,0.0
-1.4452806363468993,0.0
-1.4440183825160284,0.0
-1.4427561286851578,0.0
-1.4414938748542871,0.0
-1.4402316210234165,0.0
-1.4389693671925459,0.0
-1.4377071133616752,0.0
-1.4364448595308046,0.0
-1.4351826056999337,0.0
-1.4339203518690633,0.0
-1.4326580980381927,0.0
-1.431395844207322,0.0
-1.4301335903764514,0.0
-1.4288713365455807,0.0
-1.42760908271471,0.0
-1.4263468288838392,0.0
-1.4250845750529686,0.0
-1.423822321222098,0.0
-1.4225600673912273,0.0
-1.4212978135603567,0.0
-1.420035559729486,0.0
-1.4187733058986156,0.0
-1.417511052067745,0.0
-1.416248798236874,0.0
-1.4149865444060035,0.0
-1.4137242905751328,0.0
-1.4124620367442622,0.0
-1.4111997829133915,0.0
-1.409937529082521,0.0
-1.4086752752516503,0.0
-1.4074130214207794,0.0
-1.4061507675899088,0.0
-1.4048885137590381,0.0
-1.4036262599281675,0.0
-1.402364006097297,0.0
-1.4011017522664264,0.0
-1.3998394984355558,0.0
-1.398577244604685,0.0
-1.3973149907738143,0.0
-1.3960527369429436,0.0
-1.394790483112073,0.0
-1.3935282292812023,0.0
-1.3922659754503317,0.0
-1.391003721619461,0.0
-1.3897414677885902,0.0
-1.3884792139577196,0.0
-1.387216960126849,0.0
-1.3859547062959785,0.0
-1.3846924524651079,0.0
-1.3834301986342372,0.0
-1.3821679448033666,0.0
-1.380905690972496,0.0
-1.379643437141625,0.0
-1.3783811833107544,0.0
-1.3771189294798838,0.0
-1.3758566756490131,0.0
-1.3745944218181425,0.0
-1.3733321679872719,0.0
-1.3720699141564012,0.0
-1.3708076603255304,0.0
-1.36954540649466,0.0
-1.3682831526637893,0.0
-1.3670208988329187,0.0
-1.365758645002048,0.0
-1.3644963911711774,0.0
-1.3632341373403067,0.0
-1.3619718835094359,0.0
-1.3607096296785652,0.0
-1.3594473758476946,0.0
-1.358185122016824,0.0
-1.3569228681859533,0.0
-1.3556606143550827,0.0
-1.3543983605242123,0.0
-1.3531361066933414,0.0
-1.3518738528624707,0.0
-1.3506115990316,0.0
-1.3493493452007295,0.0
-1.3480870913698588,0.0
-1.3468248375389882,0.0
-1.3455625837081175,0.0
-1.344300329877247,0.0
-1.343038076046376,0.0
-1.3417758222155054,0.0
-1.3405135683846348,0.0
-1.3392513145537641,0.0
-1.3379890607228937,0.0
-1.336726806892023,0.0
-1.3354645530611524,0.0
-1.3342022992302816,0.0
-1.332940045399411,0.0
-1.3316777915685403,0.0
-1.3304155377376696,0.0
-1.329153283906799,0.0
-1.3278910300759283,0.0
-1.3266287762450577,0.0
-1.3253665224141868,0.0
-1.3241042685833162,0.0
-1.3228420147524456,0.0
-1.3215797609215751,0.0
-1.3203175070907045,0.0
-1.3190552532598339,0.0
-1.3177929994289632,0.0
-1.3165307455980926,0.0
-1.3152684917672217,0.0
-1.314006237936351,0.0
-1.3127439841054804,0.0
-1.3114817302746098,0.0
-1.3102194764437392,0.0
-1.3089572226128685,0.0
-1.3076949687819979,0.0
-1.306432714951127,0.0
-1.3051704611202566,0.0
-1.303908207289386,0.0
-1.3026459534585153,0.0
-1.3013836996276447,0.0
-1.300121445796774,0.0
-1.2988591919659034,0.0
-1.2975969381350325,0.0
-1.2963346843041619,0.0
-1.2950724304732912,0.0
-1.2938101766424206,0.0
-1.29254792281155,0.0
-1.2912856689806793,0.0
-1.290023415149809,0.0
-1.288761161318938,0.0
-1.2874989074880674,0.0
-1.2862366536571967,0.0
-1.284974399826326,0.0
-1.2837121459954555,0.0
-1.2824498921645848,0.0
-1.2811876383337142,0.0
-1.2799253845028435,0.0
-1.2786631306719727,0.0
-1.277400876841102,0.0
-1.2761386230102314,0.0
-1.2748763691793608,0.0
-1.2736141153484903,0.0
-1.2723518615176197,0.0
-1.271089607686749,0.0
-1.2698273538558782,0.0
-1.2685651000250076,0.0
-1.267302846194137,0.0
-1.2660405923632663,0.0
-1.2647783385323956,0.0
0.0012609915770394938,8.954689373562714e+52
0.00378297473111896,8.879491949738391e+52
0.006304957885198426,8.80541786734543e+52
0.008826941039277891,8.732442852654486e+52
0.011348924193357358,8.660543319856906e+52
0.013870907347436824,8.589696346513202e+52
0.01639289050151629,8.519879651042876e+52
0.018914873655595757,8.451071570067168e+52
0.021436856809675223,8.383251037312262e+52
0.02395883996375469,8.316397563476815e+52
0.026480823117834156,8.25049121636388e+52
0.029002806271913623,8.185512602240831e+52
0.031524789425993086,8.121442847926376e+52
0.034046772580072555,8.058263583442938e+52
0.03656875573415202,7.995956925240141e+52
0.03909073888823149,7.9345054607269e+52
0.04161272204231095,7.873892232240958e+52
0.044134705196390414,7.814100723095053e+52
0.046656688350469884,7.755114842710357e+52
0.04917867150454935,7.696918913584805e+52
0.05170065465862882,7.639497657617351e+52
0.05422263781270828,7.582836184104517e+52
0.05674462096678775,7.526919977113774e+52
0.05926660412086721,7.471734884035885e+52
0.06178858727494668,7.417267104333871e+52
0.06431057042902615,7.363503178604173e+52
0.06683255358310561,7.310429978338226e+52
0.06935453673718509,7.258034695550216e+52
0.07187651989126455,7.206304833447221e+52
0.07439850304534401,7.155228196864954e+52
0.07692048619942347,7.104792883197257e+52
0.07944246935350294,7.054987274045802e+52
0.08196445250758241,7.005800026410804e+52
0.08448643566166188,6.957220064939159e+52
0.08700841881574134,6.909236573903654e+52
0.0895304019698208,6.861838989850169e+52
0.09205238512390028,6.815016994212408e+52
0.09457436827797974,6.768760506221514e+52
0.0970963514320592,6.723059676354631e+52
0.09961833458613867,6.677904879547047e+52
0.10214031774021813,6.633286709030339e+52
0.10466230089429761,6.589195970102145e+52
0.10718428404837707,6.545623674243562e+52
0.10970626720245653,6.502561033452596e+52
0.112228250356536,6.459999454629409e+52
0.11475023351061547,6.41793053433986e+52
0.11727221666469494,6.376346053489547e+52
0.1197941998187744,6.335237972528621e+52
0.12231618297285386,6.294598426314997e+52
0.12483816612693334,6.254419719831603e+52
0.1273601492810128,6.21469432319985e+52
0.12988213243509228,6.175414867660682e+52
0.13240411558917173,6.136574141062619e+52
0.1349260987432512,6.098165083889822e+52
0.13744808189733065,6.060180785318336e+52
0.13997006505141013,6.022614479024882e+52
0.1424920482054896,5.985459539915164e+52
0.14501403135956906,5.948709480169052e+52
0.14753601451364853,5.912357945693785e+52
0.15005799766772798,5.876398712985885e+52
0.15257998082180746,5.84082568558792e+52
0.15510196397588694,5.805632890489864e+52
0.15762394712996639,5.77081447673835e+52
0.16014593028404586,5.736364710037158e+52
0.1626679134381253,5.702277971207085e+52
0.1651898965922048,5.668548753084645e+52
0.16771187974628426,5.635171661997881e+52
0.1702338629003637,5.602141393777714e+52
0.1727558460544432,5.569452774032461e+52
0.17527782920852267,5.53710071239153e+52
0.17779981236260212,5.505080221977722e+52
0.1803217955166816,5.473386412520115e+52
0.18284377867076104,5.442014487878478e+52
0.18536576182484052,5.410959744097943e+52
0.18788774497892,5.380217567137983e+52
0.19040972813299945,5.349783430556706e+52
0.19293171128707892,5.319652893620522e+52
0.19545369444115837,5.289821599410679e+52
0.19797567759523785,5.260285272604881e+52
0.20049766074931732,5.231039717734458e+52
0.20301964390339677,5.202080817418736e+52
0.20554162705747625,5.173404530326242e+52
0.20806361021155573,5.14500688972987e+52
0.21058559336563518,5.116884001570296e+52
0.21310757651971465,5.089032042997726e+52
0.2156295596737941,5.061447260556956e+52
0.21815154282787358,5.034125968852986e+52
0.22067352598195306,5.007064548909359e+52
0.2231955091360325,4.980259446527334e+52
0.22571749229011198,4.953707171354954e+52
0.22823947544419143,4.927404294779962e+52
0.2307614585982709,4.901347449238839e+52
0.23328344175235038,4.875533326401057e+52
0.23580542490642983,4.849958676107578e+52
0.2383274080605093,4.824620305092694e+52
0.2408493912145888,4.799515075643518e+52
0.24337137436866824,4.7746399045908713e+52
0.2458933575227477,4.749991761935717e+52
0.24841534067682716,4.725567669835806e+52
0.2509373238309066,4.7013647014801796e+52
0.2534593069849861,4.677379980034567e+52
0.25598129013906556,4.653610677494666e+52
0.25850327329314504,4.6300540137139265e+52
0.2610252564472245,4.606707255537745e+52
0.263547239601304,4.5835677155036524e+52
0.2660692227553834,4.5606327512498395e+52
0.2685912059094629,4.537899764305944e+52
0.27111318906354237,4.5153661994857006e+52
0.27363517221762185,4.493029543519668e+52
0.2761571553717013,4.4708873248098387e+52
0.27867913852578075,4.448937112071141e+52
0.2812011216798602,4.4271765138004145e+52
0.2837231048339397,4.4056031774725273e+52
0.2862450879880192,4.384214788439646e+52
0.28876707114209865,4.3630090696762374e+52
0.2912890542961781,4.3419837805852754e+52
0.29381103745025755,4.321136716508204e+52
0.296333020604337,4.300465707970687e+52
0.2988550037584165,4.2799686200522425e+52
0.301376986912496,4.259643351438548e+52
0.3038989700665754,4.239487834173586e+52
0.3064209532206549,4.219500032631864e+52
0.30894293637473436,4.1996779431936055e+52
0.31146491952881383,4.180019593333751e+52
0.3139869026828933,4.16052304021987e+52
0.31650888583697273,4.141186378937651e+52
0.3190308689910522,4.1220077126796756e+52
0.3215528521451317,4.1029852016344663e+52
0.32407483529921116,4.0841170160764047e+52
0.32659681845329064,4.065401359057653e+52
0.3291188016073701,4.046836460717491e+52
0.33164078476144954,4.028420578137086e+52
0.334162767915529,4.0101519946277546e+52
0.3366847510696085,3.9920290193514946e+52
0.33920673422368797,3.974049986840216e+52
0.34172871737776744,3.956213256359753e+52
0.34425070053184686,3.9385172104458995e+52
0.34677268368592634,3.9209602617736574e+52
0.3492946668400058,3.903540834105385e+52
0.3518166499940853,3.8862573867102655e+52
0.35433863314816477,3.8691083953181787e+52
0.3568606163022442,3.852092359257258e+52
0.35938259945632367,3.835207799545449e+52
0.36190458261040315,3.8184532587668295e+52
0.3644265657644826,3.8018273005818397e+52
0.3669485489185621,3.785328509334584e+52
0.3694705320726415,3.768955489784006e+52
0.371992515226721,3.752706866516828e+52
0.3745144983808005,3.7365812837934815e+52
0.37703648153487995,3.720577405331983e+52
0.37955846468895943,3.7046939135145446e+52
0.38208044784303885,3.6889295094704746e+52
0.3846024309971183,3.673282912582019e+52
0.3871244141511978,3.657752865205636e+52
0.3896463973052773,3.642338107441388e+52
0.39216838045935676,3.627037428140151e+52
0.3946903636134362,3.6118496095070474e+52
0.39721234676751566,3.59677345819104e+52
0.39973432992159513,3.581807797134047e+52
0.4022563130756746,3.5669514652756235e+52
0.4047782962297541,3.5522033173115444e+52
0.40730027938383356,3.5375622236786213e+52
0.409822262537913,3.523027070254237e+52
0.41234424569199246,3.508596757871906e+52
0.41486622884607194,3.494270202428553e+52
0.4173882120001514,3.4800463342767004e+52
0.4199101951542309,3.4659240983180955e+52
0.4224321783083103,3.4519024534375755e+52
0.4249541614623898,3.437980372518894e+52
0.42747614461646927,3.4241568421079484e+52
0.42999812777054874,3.4104308622224575e+52
0.4325201109246282,3.396801446104719e+52
0.43504209407870764,3.383267619973686e+52
0.4375640772327871,3.3698284228984265e+52
0.4400860603868666,3.3564829065042266e+52
0.4426080435409461,3.343230134931537e+52
0.44513002669502555,3.330069184306152e+52
0.44765200984910497,3.316999143014811e+52
0.45017399300318445,3.304019110974836e+52
0.4526959761572639,3.291128199939066e+52
0.4552179593113434,3.2783255330222733e+52
0.4577399424654229,3.26561024444292e+52
0.4602619256195023,3.252981479813863e+52
0.4627839087735818,3.24043839531068e+52
0.46530589192766125,3.2279801581139807e+52
0.46782787508174073,3.215605945703133e+52
0.4703498582358202,3.2033149461748953e+52
0.4728718413898997,3.1911063577241593e+52
0.4753938245439791,3.178979388710813e+52
0.4779158076980586,3.1669332572964645e+52
0.48043779085213806,3.1549671914388624e+52
0.48295977400621753,3.143080428889675e+52
0.485481757160297,3.131272216586667e+52
0.48800374031437643,3.1195418109372365e+52
0.4905257234684559,3.107888477508073e+52
0.4930477066225354,3.0963114909460687e+52
0.49556968977661486,3.0848101346866574e+52
0.49809167293069434,3.0733837010311773e+52
0.5006136560847738,3.0620314909037736e+52
0.5031356392388533,3.0507528136962805e+52
0.5056576223929328,3.0395469871779757e+52
0.5081796055470121,3.0284133373774966e+52
0.5107015887010916,3.017351198515916e+52
0.5132235718551711,3.0063599126531225e+52
0.5157455550092506,2.995438829948686e+52
0.51826753816333,2.9845873082090355e+52
0.5207895213174095,2.9738047075959436e+52
0.523311504471489,2.9630904170649137e+52
0.5258334876255685,2.9524438012190407e+52
0.528355470779648,2.941864253001936e+52
0.5308774539337274,2.931351167539575e+52
0.5333994370878068,2.92090394673315e+52
0.5359214202418863,2.910521999644296e+52
0.5384434033959657,2.900204743048961e+52
0.5409653865500452,2.889951599236371e+52
0.5434873697041247,2.8797619978695374e+52
0.5460093528582042,2.8696353751610665e+52
0.5485313360122837,2.8595711736670547e+52
0.5510533191663631,2.849568842690251e+52
0.5535753023204426,2.8396278375135056e+52
0.5560972854745221,2.8297476199529166e+52
0.5586192686286015,2.819927657858133e+52
0.5611412517826809,2.81016742512675e+52
0.5636632349367604,2.8004664017025977e+52
0.5661852180908399,2.7908240733652204e+52
0.5687072012449194,2.7812399318542864e+52
0.5712291843989988,2.771713474428146e+52
0.5737511675530783,2.762244204148556e+52
0.5762731507071578,2.7528316297283094e+52
0.5787951338612373,2.7434752651763646e+52
0.5813171170153167,2.7341746300312257e+52
0.5838391001693962,2.7249292492363647e+52
0.5863610833234756,2.715738652980495e+52
0.5888830664775551,2.7066023765572594e+52
0.5914050496316345,2.6975199605217163e+52
0.593927032785714,2.688490950530868e+52
0.5964490159397935,2.679514897016482e+52
0.598970999093873,2.6705913555136934e+52
0.6014929822479524,2.6617198864471773e+52
0.6040149654020319,2.6529000549716756e+52
0.6065369485561114,2.6441314308618455e+52
0.6090589317101909,2.6354135887676793e+52
0.6115809148642702,2.6267461078462984e+52
0.6141028980183497,2.618128571770123e+52
0.6166248811724292,2.609560568710925e+52
0.6191468643265087,2.60104169136605e+52
0.6216688474805881,2.5925715366259105e+52
0.6241908306346676,2.5841497058054536e+52
0.6267128137887471,2.575775804391557e+52
0.6292347969428266,2.5674494421985346e+52
0.6317567800969061,2.559170233085354e+52
0.6342787632509855,2.550937794878987e+52
0.6368007464050649,2.5427517497623155e+52
0.6393227295591444,2.534611723537983e+52
0.6418447127132239,2.52651734622835e+52
0.6443666958673033,2.5184682514651953e+52
0.6468886790213828,2.51046407699405e+52
0.6494106621754623,2.5025044640774363e+52
0.6519326453295418,2.4945890579034875e+52
0.6544546284836212,2.4867175072399424e+52
0.6569766116377007,2.478889464499609e+52
0.6594985947917802,2.4711045856495495e+52
0.6620205779458597,2.4633625303720885e+52
0.664542561099939,2.4556629615897305e+52
0.6670645442540185,2.448005545847205e+52
0.669586527408098,2.440389953123206e+52
0.6721085105621775,2.4328158565995566e+52
0.6746304937162569,2.4252829329796174e+52
0.6771524768703364,2.4177908620688145e+52
0.6796744600244159,2.410339327022785e+52
0.6821964431784954,2.4029280142258174e+52
0.6847184263325748,2.3955566131099295e+52
0.6872404094866543,2.3882248162888685e+52
0.6897623926407337,2.3809323194881605e+52
0.6922843757948132,2.373678821464094e+52
0.6948063589488926,2.366464023934301e+52
0.6973283421029721,2.3592876316340342e+52
0.6998503252570516,2.3521493522239575e+52
0.7023723084111311,2.3450488962409828e+52
0.7048942915652106,2.337985977087806e+52
0.70741627471929,2.3309603110801882e+52
0.7099382578733695,2.3239716171934865e+52
0.712460241027449,2.3170196172297547e+52
0.7149822241815283,2.310104035706807e+52
0.7175042073356078,2.3032245998818372e+52
0.7200261904896873,2.2963810396103158e+52
0.7225481736437668,2.289573087357019e+52
0.7250701567978463,2.2828004783000226e+52
0.7275921399519257,2.2760629500407693e+52
0.7301141231060052,2.2693602428397173e+52
0.7326361062600847,2.2626920993760484e+52
0.7351580894141642,2.2560582648338646e+52
0.7376800725682436,2.249458486833832e+52
0.7402020557223231,2.2428925154885676e+52
0.7427240388764025,2.236360103143698e+52
0.745246022030482,2.229861004704187e+52
0.7477680051845614,2.2233949771620662e+52
0.7502899883386409,2.216961780106632e+52
0.7528119714927204,2.2105611751171826e+52
0.7553339546467999,2.204192926233602e+52
0.7578559378008793,2.1978567996919411e+52
0.7603779209549588,2.1915525637704822e+52
0.7628999041090383,2.185279989136494e+52
0.7654218872631178,2.1790388483894644e+52
0.7679438704171971,2.172828916565475e+52
0.7704658535712766,2.166649970380337e+52
0.7729878367253561,2.160501788985461e+52
0.7755098198794356,2.1543841533663166e+52
0.778031803033515,2.14829684676833e+52
0.7805537861875945,2.1422396541413042e+52
0.783075769341674,2.1362123626276443e+52
0.7855977524957535,2.1302147612128036e+52
0.788119735649833,2.1242466409772988e+52
0.7906417188039124,2.118307794787357e+52
0.7931637019579919,2.1123980173597125e+52
0.7956856851120713,2.1065171054130477e+52
0.7982076682661507,2.1006648575272994e+52
0.8007296514202302,2.094841073901522e+52
0.8032516345743097,2.0890455568157967e+52
0.8057736177283892,2.0832781101423695e+52
0.8082956008824687,2.0775385396933778e+52
0.8108175840365481,2.0718266528342456e+52
0.8133395671906276,2.0661422587733763e+52
0.8158615503447071,2.0604851684905573e+52
0.8183835334987866,2.0548551945231195e+52
0.8209055166528659,2.049252151188791e+52
0.8234274998069454,2.043675854397875e+52
0.8259494829610249,2.0381261217390504e+52
0.8284714661151044,2.032602772377057e+52
0.8309934492691838,2.0271056271002401e+52
0.8335154324232633,2.0216345083434867e+52
0.8360374155773428,2.0161892399755281e+52
0.8385593987314223,2.0107696475713565e+52
0.8410813818855017,2.0053755580969142e+52
0.8436033650395812,2.0000068000943574e+52
0.8461253481936606,1.9946632036423734e+52
0.8486473313477401,1.989344600215331e+52
0.8511693145018195,1.9840508229391536e+52
0.853691297655899,1.978781706096273e+52
0.8562132808099785,1.973537085693321e+52
0.858735263964058,1.9683167989748315e+52
0.8612572471181374,1.9631206846867834e+52
0.8637792302722169,1.957948582933726e+52
0.8663012134262964,1.9528003351925525e+52
0.8688231965803759,1.9476757842846814e+52
0.8713451797344554,1.9425747744475832e+52
0.8738671628885347,1.9374971511479481e+52
0.8763891460426142,1.9324427613036806e+52
0.8789111291966937,1.927411452961934e+52
0.8814331123507732,1.922403075725014e+52
0.8839550955048526,1.9174174801014407e+52
0.8864770786589321,1.9124545183246673e+52
0.8889990618130116,1.9075140433491083e+52
0.8915210449670911,1.9025959098857866e+52
0.8940430281211705,1.8976999735370352e+52
0.89656501127525,1.8928260911653283e+52
0.8990869944293294,1.8879741210265645e+52
0.9016089775834089,1.8831439222915136e+52
0.9041309607374883,1.8783353554836125e+52
0.9066529438915678,1.873548282220626e+52
0.9091749270456473,1.8687825653673692e+52
0.9116969101997268,1.864038068777995e+52
0.9142188933538062,1.8593146575142655e+52
0.9167408765078857,1.8546121978369042e+52
0.9192628596619652,1.8499305569145879e+52
0.9217848428160447,1.845269603232044e+52
0.924306825970124,1.8406292061814282e+52
0.9268288091242035,1.836009236272486e+52
0.929350792278283,1.831409565182058e+52
0.9318727754323625,1.8268300654794833e+52
0.9343947585864419,1.8222706108552074e+52
0.9369167417405214,1.8177310760548413e+52
0.9394387248946009,1.8132113368164904e+52
0.9419607080486804,1.8087112697918116e+52
0.9444826912027598,1.8042307528477058e+52
0.9470046743568393,1.7997696646133702e+52
0.9495266575109188,1.795327884806668e+52
0.9520486406649982,1.7909052941798902e+52
0.9545706238190776,1.7865017742499829e+52
0.9570926069731571,1.7821172076736796e+52
0.9596145901272366,1.7777514779755053e+52
0.9621365732813161,1.7734044696052142e+52
0.9646585564353956,1.7690760679055605e+52
0.967180539589475,1.7647661592454138e+52
0.9697025227435545,1.7604746307040337e+52
0.972224505897634,1.756201370505737e+52
0.9747464890517135,1.7519462675369074e+52
0.9772684722057928,1.7477092116721307e+52
0.9797904553598723,1.7434900936569967e+52
0.9823124385139518,1.739288805020006e+52
0.9848344216680313,1.7351052382946608e+52
0.9873564048221107,1.7309392867094203e+52
0.9898783879761902,1.7267908443695074e+52
0.9924003711302697,1.7226598062226963e+52
0.9949223542843492,1.718546068065347e+52
0.9974443374384286,1.714449526446089e+52
0.9999663205925081,1.7103700787874552e+52
